1 1 
1 2 
1 5 
1 6 
1 7 
1 3 
1 8 
1 4 
2 47646 
2 47647 
2 13019 
2 47648 
2 47649 
2 47650 
2 7700 
2 47651 
2 47652 
3 511596 
5 1 
5 9 
5 10 
5 11 
5 12 
5 13 
5 14 
5 15 
5 16 
5 17 
5 18 
5 19 
5 7 
5 8 
6 1 
6 20 
6 12 
6 13 
6 21 
6 22 
6 23 
6 24 
6 25 
6 7 
6 8 
7 1 
7 5 
7 26 
7 27 
7 23 
7 28 
7 29 
7 30 
7 18 
7 31 
7 32 
7 8 
8 1 
8 5 
8 33 
8 34 
8 35 
8 21 
8 36 
8 37 
8 32 
8 7 
9 71107 
9 71108 
9 71109 
9 21 
9 71110 
9 71111 
9 39350 
9 71112 
9 71113 
10 1 
10 30555 
10 5 
10 26 
10 12 
10 13 
10 27 
10 104816 
10 171168 
10 23 
10 28 
10 24 
10 17 
10 171169 
10 29 
10 171170 
10 171171 
10 104784 
10 30 
10 18 
10 19 
10 32 
10 7 
10 8 
11 5 
11 115323 
11 9 
11 10 
11 171172 
11 115331 
11 23113 
11 76269 
11 171173 
11 16456 
11 21 
11 14 
11 22 
11 131692 
11 100299 
11 24 
11 15 
11 73869 
11 171174 
11 171169 
11 115355 
11 171175 
11 171170 
11 171176 
11 100619 
11 32 
11 100308 
11 7 
11 8 
11 171177 
12 1 
12 5 
12 158265 
12 171178 
12 171179 
12 7 
12 8 
13 1 
13 5 
13 10 
13 171180 
13 53195 
13 171181 
13 104807 
13 16 
13 171182 
13 158254 
13 53205 
13 171183 
13 171184 
13 19 
13 7 
13 8 
14 171185 
15 104770 
15 104795 
15 171186 
15 171187 
15 104771 
15 21 
15 22 
15 23 
15 104773 
15 104775 
15 104776 
16 1 
16 5 
16 29 
16 7 
16 8 
17 1 
17 5 
17 122158 
17 11 
17 171188 
17 131692 
17 73869 
17 39350 
17 7 
17 8 
18 1 
18 5 
18 104812 
18 104790 
18 104813 
18 104814 
18 104815 
18 104816 
18 104817 
18 104818 
18 104819 
18 104820 
18 104821 
18 104822 
18 104789 
18 71113 
18 7 
18 8 
19 1 
19 5 
19 7 
19 8 
20 1 
20 10 
20 26 
20 12 
20 13 
20 27 
20 21 
20 22 
20 23 
20 28 
20 25 
20 104784 
20 18 
20 19 
20 7 
20 8 
22 8807 
22 8808 
22 8809 
22 8810 
22 8811 
23 1 
23 5 
23 104785 
23 104786 
23 104787 
23 104788 
23 104789 
23 7 
23 8 
24 1 
24 5 
24 303368 
24 303369 
24 303370 
24 303371 
24 104821 
24 124673 
24 171169 
24 171170 
24 171176 
24 71113 
24 32 
24 7 
24 303372 
24 8 
25 1 
25 10 
25 20 
25 26 
25 500170 
25 122158 
25 12 
25 13 
25 21 
25 22 
25 171188 
25 23 
25 28 
25 73869 
25 104784 
25 19 
25 7 
25 8 
26 1 
26 5 
26 9 
26 10 
26 348031 
26 280787 
26 171172 
26 348032 
26 23113 
26 280789 
26 348033 
26 16456 
26 27 
26 104816 
26 24 
26 75785 
26 348034 
26 39350 
26 171169 
26 29 
26 171170 
26 171171 
26 30 
26 115314 
26 18 
26 31 
26 7 
26 297779 
26 8 
27 1 
27 5 
27 212282 
27 212283 
27 115331 
27 212284 
27 212285 
27 212286 
27 212287 
27 212288 
27 320270 
27 212289 
27 212290 
27 212291 
27 7 
27 8 
28 1 
28 30555 
28 5 
28 10 
28 348031 
28 280787 
28 171172 
28 348032 
28 171178 
28 348033 
28 303369 
28 27 
28 104816 
28 348037 
28 131692 
28 24 
28 348034 
28 171169 
28 171179 
28 29 
28 348038 
28 171170 
28 171171 
28 30 
28 115314 
28 18 
28 31 
28 32 
28 7 
28 8 
29 1 
29 5 
29 212283 
29 115331 
29 348040 
29 348041 
29 27 
29 348042 
29 348043 
29 348044 
29 18 
29 7 
29 8 
30 1 
30 5 
30 348050 
30 303368 
30 348051 
30 348052 
30 348053 
30 348054 
30 348055 
30 348056 
30 348057 
30 348058 
30 348059 
30 348060 
30 348061 
30 32 
30 7 
30 303372 
30 8 
31 1 
31 5 
31 10 
31 348031 
31 171172 
31 348032 
31 104790 
31 171178 
31 158269 
31 122158 
31 348033 
31 303369 
31 541482 
31 27 
31 171168 
31 22 
31 348037 
31 569442 
31 53195 
31 100299 
31 23 
31 37544 
31 24 
31 104172 
31 348034 
31 352827 
31 176665 
31 171169 
31 106643 
31 158254 
31 158276 
31 171179 
31 171170 
31 158279 
31 18 
31 32 
31 7 
31 297779 
31 8 
31 171177 
32 1 
32 5 
32 9 
32 10 
32 115331 
32 212297 
32 21 
32 22 
32 23 
32 24 
32 73869 
32 115395 
32 176665 
32 280871 
32 7 
33 110432 
33 110433 
33 88665 
33 110434 
33 110435 
34 1 
34 5 
34 32 
34 7 
34 8 
35 1 
35 5 
35 32 
35 7 
35 8 
36 1 
36 5 
36 279498 
36 32 
36 7 
36 8 
38 39 
38 40 
38 41 
38 42 
38 43 
38 44 
38 45 
38 46 
38 47 
38 48 
40 38 
40 39 
40 49 
40 50 
40 51 
40 41 
40 52 
40 42 
40 53 
40 54 
40 55 
40 56 
40 57 
40 58 
40 59 
40 60 
40 43 
40 44 
40 61 
40 62 
40 45 
40 63 
40 46 
40 64 
40 65 
40 66 
40 67 
40 68 
40 47 
40 48 
41 69 
41 70 
41 71 
41 72 
41 73 
41 74 
41 75 
41 76 
41 77 
41 78 
41 79 
41 80 
41 81 
41 82 
41 83 
41 84 
41 85 
41 86 
41 87 
41 88 
41 89 
41 90 
41 91 
41 92 
42 38 
42 39 
42 49 
42 40 
42 93 
42 41 
42 52 
42 54 
42 94 
42 55 
42 56 
42 57 
42 43 
42 44 
42 95 
42 45 
42 46 
42 64 
42 96 
42 97 
42 68 
42 47 
42 48 
43 38 
43 39 
43 40 
43 41 
43 52 
43 42 
43 94 
43 57 
43 44 
43 95 
43 45 
43 46 
43 96 
43 67 
43 68 
43 47 
43 48 
44 38 
44 39 
44 49 
44 50 
44 51 
44 40 
44 93 
44 41 
44 52 
44 42 
44 53 
44 94 
44 57 
44 58 
44 60 
44 43 
44 61 
44 62 
44 45 
44 63 
44 46 
44 96 
44 65 
44 47 
44 48 
45 98 
45 39 
45 99 
45 40 
45 41 
45 42 
45 100 
45 101 
45 102 
45 103 
45 104 
45 43 
45 44 
45 105 
45 106 
45 107 
45 46 
45 108 
45 47 
45 48 
45 109 
46 38 
46 39 
46 49 
46 50 
46 51 
46 40 
46 93 
46 41 
46 52 
46 42 
46 53 
46 54 
46 94 
46 55 
46 56 
46 57 
46 58 
46 59 
46 60 
46 43 
46 44 
46 61 
46 62 
46 95 
46 45 
46 63 
46 64 
46 96 
46 65 
46 66 
46 97 
46 67 
46 68 
46 47 
46 48 
47 38 
47 39 
47 49 
47 50 
47 51 
47 40 
47 93 
47 41 
47 52 
47 42 
47 53 
47 54 
47 57 
47 58 
47 60 
47 43 
47 44 
47 61 
47 62 
47 95 
47 45 
47 63 
47 46 
47 96 
47 66 
47 97 
47 48 
48 39 
48 50 
48 51 
48 40 
48 93 
48 41 
48 52 
48 42 
48 53 
48 58 
48 60 
48 43 
48 44 
48 62 
48 95 
48 45 
48 63 
48 46 
48 65 
48 47 
49 39 
49 40 
49 41 
49 42 
49 43 
49 44 
49 45 
49 46 
49 47 
49 48 
50 39 
50 40 
50 41 
50 42 
50 43 
50 44 
50 45 
50 46 
50 47 
50 48 
51 2491 
51 39 
51 5335 
51 139989 
51 75265 
51 40 
51 41 
51 266 
51 42 
51 2492 
51 560 
51 43 
51 44 
51 45 
51 4941 
51 46 
51 3150 
51 47 
51 48 
52 39 
52 40 
52 41 
52 42 
52 54 
52 43 
52 44 
52 45 
52 46 
52 96 
52 47 
52 48 
53 39 
53 40 
53 41 
53 28358 
53 42 
53 77393 
53 43 
53 44 
53 45 
53 171824 
53 46 
53 28394 
53 47 
53 48 
53 139998 
54 368663 
54 39 
54 368670 
54 368671 
54 40 
54 41 
54 42 
54 368668 
54 43 
54 44 
54 45 
54 368672 
54 46 
54 368673 
54 47 
54 48 
55 39 
55 363515 
55 40 
55 41 
55 363516 
55 363517 
55 42 
55 43 
55 44 
55 45 
55 46 
55 363518 
55 47 
55 48 
56 39 
56 40 
56 41 
56 42 
56 75244 
56 43 
56 44 
56 45 
56 46 
56 66 
56 47 
56 48 
57 39 
57 40 
57 41 
57 42 
57 43 
57 44 
57 45 
57 46 
57 47 
57 48 
58 39 
58 40 
58 41 
58 42 
58 43 
58 44 
58 45 
58 46 
58 47 
58 48 
59 39 
59 40 
59 41 
59 42 
59 43 
59 44 
59 45 
59 46 
59 66 
59 47 
59 48 
60 39 
60 40 
60 41 
60 42 
60 43 
60 44 
60 61 
60 45 
60 63 
60 46 
60 47 
60 48 
61 39 
61 26627 
61 40 
61 41 
61 52 
61 42 
61 57 
61 26629 
61 43 
61 28383 
61 44 
61 45 
61 46 
61 97 
61 47 
61 48 
62 170237 
62 39 
62 40 
62 41 
62 42 
62 14694 
62 637800 
62 14698 
62 43 
62 44 
62 45 
62 46 
62 14706 
62 47 
62 48 
63 39 
63 40 
63 41 
63 42 
63 43 
63 44 
63 45 
63 46 
63 47 
63 48 
64 39 
64 40 
64 41 
64 42 
64 56 
64 59 
64 43 
64 44 
64 45 
64 46 
64 66 
64 47 
64 48 
65 103374 
65 103403 
65 41 
65 14707 
65 103404 
66 39 
66 40 
66 41 
66 42 
66 57 
66 43 
66 44 
66 45 
66 46 
66 75264 
66 47 
66 48 
67 39 
67 40 
67 41 
67 42 
67 43 
67 44 
67 45 
67 46 
67 47 
67 48 
68 39 
68 40 
68 41 
68 611163 
68 42 
68 611164 
68 43 
68 44 
68 611165 
68 45 
68 611166 
68 46 
68 47 
68 48 
69 70 
69 14682 
69 71 
69 134441 
69 72 
69 75488 
69 73 
69 76 
69 14694 
69 77 
69 78 
69 79 
69 139922 
69 80 
69 14698 
69 25072 
69 83 
69 84 
69 139923 
69 87 
69 88 
69 28394 
69 89 
69 14706 
69 139924 
69 91 
70 71 
70 41 
70 139925 
71 69 
71 70 
71 139926 
71 139927 
71 72 
71 73 
71 40 
71 76 
71 52 
71 139928 
71 54 
71 26623 
71 139929 
71 77 
71 139930 
71 31841 
71 78 
71 79 
71 26629 
71 80 
71 28383 
71 83 
71 139931 
71 84 
71 139932 
71 87 
71 31453 
71 88 
71 139933 
71 7824 
71 89 
71 108 
71 91 
72 28366 
72 28367 
72 28368 
72 28369 
72 28370 
72 26627 
72 40 
72 28371 
72 28372 
72 26628 
72 28373 
72 28374 
72 28375 
72 28376 
72 28377 
72 12661 
72 28378 
72 28379 
72 80 
72 28380 
72 28381 
72 82 
72 28361 
72 28382 
72 28383 
72 28384 
72 14729 
72 26630 
72 28385 
72 25421 
72 28386 
72 28387 
72 23491 
72 28388 
72 28389 
72 28390 
72 28391 
72 28392 
72 28393 
72 88 
72 28394 
72 28395 
72 15290 
73 69 
73 70 
73 71 
73 72 
73 76 
73 77 
73 104975 
73 78 
73 79 
73 80 
73 139937 
73 83 
73 139938 
73 84 
73 87 
73 88 
73 89 
73 91 
74 64110 
74 41 
74 64111 
74 64112 
74 64113 
74 64114 
74 64115 
74 64116 
74 64117 
74 64118 
75 41 
75 636836 
76 69 
76 70 
76 71 
76 139939 
76 25374 
76 72 
76 139940 
76 73 
76 26628 
76 139941 
76 26623 
76 26640 
76 77 
76 25378 
76 78 
76 79 
76 28379 
76 80 
76 83 
76 75267 
76 120689 
76 139942 
76 84 
76 120705 
76 87 
76 31453 
76 88 
76 89 
76 108 
76 91 
77 69 
77 70 
77 7809 
77 71 
77 25374 
77 72 
77 73 
77 76 
77 139941 
77 7847 
77 78 
77 79 
77 80 
77 28383 
77 83 
77 84 
77 139932 
77 87 
77 88 
77 89 
77 91 
78 92691 
78 69 
78 70 
78 139943 
78 71 
78 139944 
78 23497 
78 72 
78 73 
78 26625 
78 12656 
78 76 
78 28358 
78 139945 
78 139946 
78 77393 
78 23490 
78 77 
78 28376 
78 60987 
78 139947 
78 12661 
78 106878 
78 79 
78 139948 
78 80 
78 35245 
78 116578 
78 139949 
78 83 
78 84 
78 25416 
78 139950 
78 87712 
78 25421 
78 23491 
78 104968 
78 87 
78 139951 
78 18021 
78 88 
78 28394 
78 89 
78 15290 
78 15289 
78 91 
78 139952 
79 69 
79 70 
79 139953 
79 71 
79 139954 
79 75265 
79 139955 
79 72 
79 26627 
79 73 
79 74 
79 40 
79 139956 
79 76 
79 28358 
79 139945 
79 139957 
79 77393 
79 14694 
79 77 
79 139958 
79 78 
79 80 
79 82 
79 139959 
79 28383 
79 83 
79 84 
79 25416 
79 139932 
79 139960 
79 139961 
79 87 
79 88 
79 28394 
79 89 
79 26626 
79 139962 
79 91 
80 139965 
80 139966 
80 41 
80 139967 
80 139968 
80 139969 
80 139970 
80 26626 
81 74 
81 41 
81 40122 
82 28368 
82 501729 
82 501730 
82 41 
82 76865 
82 501731 
82 501732 
82 501733 
82 12661 
82 501734 
82 501735 
82 25421 
82 501736 
82 501737 
82 501738 
82 139952 
83 69 
83 70 
83 7807 
83 139987 
83 71 
83 139988 
83 139989 
83 139990 
83 72 
83 73 
83 93 
83 76 
83 77402 
83 52 
83 139991 
83 139992 
83 26640 
83 139993 
83 77 
83 25378 
83 78 
83 79 
83 80 
83 139994 
83 139995 
83 139942 
83 84 
83 134446 
83 139996 
83 139997 
83 87 
83 88 
83 89 
83 139998 
83 91 
84 69 
84 70 
84 71 
84 139955 
84 72 
84 73 
84 76 
84 77 
84 78 
84 79 
84 80 
84 83 
84 87 
84 88 
84 89 
84 139962 
84 91 
85 74 
85 41 
86 41 
86 81 
86 345827 
87 69 
87 70 
87 71 
87 72 
87 73 
87 76 
87 77 
87 78 
87 79 
87 80 
87 83 
87 84 
87 88 
87 89 
87 139962 
87 91 
88 69 
88 139999 
88 70 
88 71 
88 72 
88 73 
88 139956 
88 76 
88 139957 
88 77 
88 140000 
88 78 
88 79 
88 80 
88 28383 
88 83 
88 84 
88 25416 
88 139961 
88 87 
88 89 
88 91 
89 69 
89 70 
89 14682 
89 71 
89 75265 
89 134441 
89 64104 
89 72 
89 73 
89 76 
89 77393 
89 26623 
89 14707 
89 77 
89 140001 
89 78 
89 79 
89 80 
89 140002 
89 28383 
89 116578 
89 83 
89 75267 
89 28384 
89 84 
89 87712 
89 7821 
89 128630 
89 23491 
89 128631 
89 104968 
89 87 
89 31453 
89 48739 
89 28393 
89 88 
89 120690 
89 108 
89 128637 
89 91 
90 69 
90 70 
90 71 
90 72 
90 73 
90 26625 
90 76 
90 77 
90 78 
90 79 
90 80 
90 83 
90 84 
90 87 
90 88 
90 89 
90 91 
91 69 
91 70 
91 139953 
91 140015 
91 71 
91 140016 
91 140017 
91 140018 
91 72 
91 140019 
91 73 
91 76 
91 77 
91 140020 
91 78 
91 79 
91 48747 
91 120711 
91 80 
91 83 
91 140021 
91 103376 
91 84 
91 103377 
91 140022 
91 75485 
91 140023 
91 67336 
91 87 
91 88 
91 139985 
91 89 
91 103378 
91 48745 
91 128305 
92 345822 
92 41 
92 26628 
92 158502 
92 60987 
92 139958 
92 345823 
92 345824 
92 345825 
92 345826 
92 345827 
92 345828 
92 345829 
93 39 
93 40 
93 41 
93 42 
93 43 
93 44 
93 45 
93 46 
93 47 
93 48 
94 39 
94 601830 
94 40 
94 41 
94 42 
94 43 
94 44 
94 45 
94 46 
94 47 
94 48 
95 39 
95 40 
95 41 
95 42 
95 43 
95 44 
95 45 
95 46 
95 47 
95 48 
96 39 
96 40 
96 41 
96 42 
96 94 
96 43 
96 44 
96 45 
96 46 
96 47 
96 48 
97 39 
97 40 
97 41 
97 42 
97 43 
97 44 
97 45 
97 46 
97 47 
97 48 
98 39 
98 14693 
98 40 
98 41 
98 42 
98 75250 
98 57 
98 43 
98 44 
98 45 
98 46 
98 64 
98 47 
98 48 
99 39 
99 40 
99 41 
99 42 
99 75250 
99 57 
99 43 
99 44 
99 45 
99 46 
99 64 
99 47 
99 48 
100 112824 
100 39 
100 40 
100 41 
100 42 
100 75250 
100 387407 
100 57 
100 387408 
100 43 
100 44 
100 45 
100 46 
100 64 
100 47 
100 48 
101 39 
101 634169 
101 40 
101 41 
101 42 
101 75250 
101 57 
101 43 
101 44 
101 45 
101 46 
101 64 
101 113769 
101 47 
101 48 
102 39 
102 40 
102 41 
102 42 
102 75250 
102 57 
102 163250 
102 43 
102 44 
102 45 
102 46 
102 64 
102 47 
102 48 
102 163249 
103 39 
103 40 
103 41 
103 42 
103 40093 
103 75250 
103 57 
103 75263 
103 43 
103 44 
103 45 
103 46 
103 64 
103 47 
103 48 
104 39 
104 40 
104 41 
104 42 
104 75250 
104 57 
104 43 
104 44 
104 787467 
104 45 
104 46 
104 64 
104 75261 
104 47 
104 48 
105 39 
105 40 
105 41 
105 75282 
105 42 
105 75250 
105 57 
105 43 
105 44 
105 810817 
105 45 
105 46 
105 64 
105 47 
105 48 
106 39 
106 40 
106 41 
106 42 
106 75250 
106 57 
106 556902 
106 43 
106 44 
106 45 
106 46 
106 64 
106 324210 
106 47 
106 48 
107 39 
107 40 
107 41 
107 42 
107 75250 
107 755294 
107 113771 
107 57 
107 43 
107 44 
107 45 
107 46 
107 64 
107 47 
107 48 
109 39 
109 556387 
109 40 
109 41 
109 42 
109 75250 
109 57 
109 43 
109 44 
109 45 
109 14688 
109 556388 
109 46 
109 64 
109 47 
109 48 
110 111 
110 112 
110 113 
110 114 
110 115 
110 116 
110 117 
110 118 
110 119 
110 120 
110 121 
111 110 
111 112 
111 113 
111 114 
111 115 
111 116 
111 122 
111 123 
111 124 
111 125 
111 117 
111 118 
111 119 
111 120 
111 126 
111 121 
111 127 
112 110 
112 111 
112 113 
112 114 
112 115 
112 116 
112 117 
112 118 
112 119 
112 120 
112 121 
113 110 
113 111 
113 112 
113 114 
113 115 
113 116 
113 117 
113 118 
113 119 
113 120 
113 121 
114 110 
114 111 
114 112 
114 113 
114 115 
114 116 
114 122 
114 123 
114 124 
114 125 
114 117 
114 118 
114 119 
114 120 
114 126 
114 121 
114 127 
115 110 
115 111 
115 112 
115 128 
115 113 
115 114 
115 129 
115 116 
115 117 
115 118 
115 119 
115 120 
115 121 
116 110 
116 111 
116 112 
116 113 
116 114 
116 115 
116 117 
116 118 
116 119 
116 120 
116 121 
117 110 
117 111 
117 112 
117 113 
117 114 
117 115 
117 116 
117 118 
117 119 
117 120 
117 130 
117 131 
117 121 
118 110 
118 111 
118 112 
118 113 
118 114 
118 115 
118 116 
118 117 
118 119 
118 120 
118 121 
118 132 
119 133 
119 134 
119 135 
119 136 
119 137 
119 138 
119 139 
119 140 
119 141 
119 142 
119 143 
119 144 
119 145 
119 146 
119 147 
119 148 
119 149 
119 150 
119 151 
119 152 
119 153 
119 154 
120 110 
120 155 
120 111 
120 156 
120 112 
120 157 
120 113 
120 114 
120 115 
120 116 
120 117 
120 118 
120 119 
120 158 
120 159 
120 121 
120 160 
120 161 
121 110 
121 111 
121 112 
121 113 
121 114 
121 115 
121 116 
121 117 
121 118 
121 119 
121 120 
122 110 
122 111 
122 112 
122 113 
122 114 
122 115 
122 116 
122 117 
122 118 
122 119 
122 120 
122 121 
123 110 
123 111 
123 112 
123 113 
123 114 
123 115 
123 116 
123 117 
123 118 
123 119 
123 120 
123 121 
124 110 
124 111 
124 112 
124 113 
124 114 
124 115 
124 116 
124 117 
124 118 
124 119 
124 120 
124 121 
125 110 
125 111 
125 311350 
125 112 
125 113 
125 114 
125 115 
125 311351 
125 116 
125 117 
125 118 
125 119 
125 120 
125 121 
126 110 
126 111 
126 112 
126 113 
126 114 
126 115 
126 116 
126 117 
126 118 
126 119 
126 120 
126 121 
127 110 
127 111 
127 112 
127 113 
127 114 
127 115 
127 116 
127 117 
127 118 
127 119 
127 120 
127 121 
128 110 
128 111 
128 112 
128 113 
128 114 
128 115 
128 116 
128 117 
128 118 
128 119 
128 120 
128 121 
129 110 
129 111 
129 112 
129 113 
129 114 
129 115 
129 116 
129 117 
129 118 
129 119 
129 120 
129 121 
130 110 
130 111 
130 112 
130 113 
130 114 
130 115 
130 116 
130 117 
130 118 
130 119 
130 120 
130 121 
131 110 
131 111 
131 112 
131 113 
131 114 
131 115 
131 116 
131 117 
131 118 
131 119 
131 120 
131 121 
132 110 
132 111 
132 112 
132 113 
132 114 
132 115 
132 116 
132 117 
132 118 
132 119 
132 120 
132 121 
133 135 
133 136 
133 138 
133 139 
133 119 
133 145 
133 25855 
133 147 
133 64047 
133 152 
133 64048 
134 119 
135 37963 
135 37964 
135 37965 
135 37966 
135 37967 
135 37968 
135 119 
135 25855 
135 37969 
135 37970 
135 37971 
135 37972 
135 37973 
135 37974 
135 37975 
135 37976 
135 37977 
136 133 
136 64049 
136 59792 
136 135 
136 59793 
136 64050 
136 138 
136 139 
136 59798 
136 64051 
136 59800 
136 59802 
136 32952 
136 64052 
136 32953 
136 15141 
136 32956 
136 59815 
136 59816 
136 144 
136 63248 
136 119 
136 64053 
136 145 
136 59836 
136 25855 
136 147 
136 64054 
136 59844 
136 151 
136 59847 
136 33033 
136 33022 
136 59849 
136 64055 
136 152 
136 64056 
136 33020 
137 110647 
137 110648 
138 32971 
138 32972 
138 32973 
138 32974 
138 32975 
138 32976 
138 32977 
138 32978 
138 32979 
138 32980 
138 32981 
138 32982 
138 32983 
138 32984 
138 119 
138 32985 
138 147 
138 32986 
138 32987 
138 32988 
138 32989 
139 41112 
139 41113 
139 41114 
139 41115 
139 135 
139 41116 
139 41117 
139 41118 
139 119 
139 41119 
139 41120 
139 41121 
139 25855 
139 41122 
139 41123 
139 41124 
139 41125 
139 41126 
139 41127 
139 41128 
140 37638 
140 32947 
140 59790 
140 32245 
140 59791 
140 59792 
140 135 
140 59793 
140 56791 
140 59794 
140 40335 
140 32247 
140 59795 
140 137 
140 59796 
140 139 
140 59797 
140 59798 
140 59799 
140 59800 
140 32950 
140 59801 
140 59802 
140 59803 
140 32951 
140 59804 
140 33055 
140 59805 
140 59806 
140 32952 
140 59807 
140 59808 
140 32953 
140 59809 
140 141 
140 59810 
140 59811 
140 59812 
140 59813 
140 59814 
140 15141 
140 59815 
140 59816 
140 59817 
140 59818 
140 59819 
140 59820 
140 59821 
140 59822 
140 59823 
140 59824 
140 59825 
140 59826 
140 59827 
140 144 
140 54944 
140 59828 
140 59829 
140 59830 
140 119 
140 32958 
140 59831 
140 59832 
140 59833 
140 37640 
140 59834 
140 37647 
140 59835 
140 59836 
140 59837 
140 25855 
140 59838 
140 59839 
140 59840 
140 59841 
140 149 
140 59842 
140 59843 
140 59844 
140 32962 
140 32255 
140 37650 
140 151 
140 59845 
140 59846 
140 59847 
140 33033 
140 59848 
140 33022 
140 59849 
140 59850 
140 59851 
140 32967 
140 59852 
140 59853 
140 59854 
140 59855 
140 59856 
140 59857 
140 33020 
140 37655 
140 25850 
141 101566 
141 102393 
141 135 
141 102384 
141 137 
141 102403 
141 139 
141 37996 
141 140 
141 33091 
141 110651 
141 110652 
141 32976 
141 110653 
141 110654 
141 110655 
141 102388 
141 110656 
141 110657 
141 110658 
141 110659 
141 37981 
141 144 
141 110660 
141 110661 
141 119 
141 110662 
141 110663 
141 25855 
141 110664 
141 110665 
141 149 
141 59843 
141 40435 
141 150 
141 37972 
141 151 
141 32965 
141 37982 
141 37962 
141 25850 
142 61350 
142 119 
142 33020 
143 110661 
143 119 
144 37642 
144 110668 
144 135 
144 137 
144 139 
144 140 
144 61428 
144 37643 
144 110669 
144 110670 
144 37644 
144 110671 
144 141 
144 37645 
144 56797 
144 110672 
144 37646 
144 110673 
144 119 
144 32959 
144 110674 
144 37640 
144 37648 
144 32253 
144 37649 
144 25855 
144 149 
144 32355 
144 151 
144 37651 
144 37652 
144 64056 
144 37653 
144 37654 
144 37656 
144 37657 
144 110675 
145 133 
145 64057 
145 135 
145 136 
145 138 
145 139 
145 64058 
145 64059 
145 32955 
145 119 
145 25855 
145 147 
145 37979 
145 152 
146 135 
146 37965 
146 605452 
146 682559 
146 119 
146 682560 
146 25855 
146 682561 
147 133 
147 33041 
147 135 
147 136 
147 138 
147 139 
147 33042 
147 33043 
147 33044 
147 33045 
147 33046 
147 32982 
147 119 
147 145 
147 25855 
147 33047 
147 152 
147 33048 
148 133 
148 135 
148 136 
148 138 
148 139 
148 142 
148 143 
148 119 
148 145 
148 25855 
148 147 
148 149 
148 152 
148 153 
149 63198 
149 110678 
149 110679 
149 110680 
149 110681 
149 110682 
149 110683 
149 135 
149 110684 
149 110685 
149 110686 
149 102384 
149 137 
149 110687 
149 102403 
149 139 
149 140 
149 110688 
149 33092 
149 110689 
149 32973 
149 110690 
149 110653 
149 110654 
149 110691 
149 110692 
149 110693 
149 64052 
149 110694 
149 110695 
149 110696 
149 110697 
149 110698 
149 141 
149 110656 
149 110699 
149 110700 
149 110657 
149 110701 
149 32956 
149 110702 
149 63209 
149 110703 
149 110704 
149 37981 
149 110705 
149 110706 
149 143 
149 144 
149 119 
149 110707 
149 110708 
149 110709 
149 110710 
149 110711 
149 25855 
149 110712 
149 110713 
149 32963 
149 32986 
149 40435 
149 151 
149 110714 
149 32965 
149 110715 
149 33064 
149 110716 
149 110717 
149 32966 
149 37982 
149 110718 
149 110719 
149 110720 
149 153 
149 25850 
151 68946 
151 68947 
151 134 
151 68948 
151 68940 
151 68949 
151 68950 
151 33045 
151 119 
151 68944 
151 68945 
151 68951 
152 133 
152 135 
152 136 
152 138 
152 139 
152 119 
152 145 
152 25855 
152 147 
153 114766 
153 69278 
153 114768 
153 114777 
153 69279 
153 114783 
153 114786 
153 69281 
153 119 
153 69282 
153 114788 
153 114790 
154 133 
154 135 
154 64050 
154 110723 
154 218864 
154 136 
154 138 
154 139 
154 172643 
154 59818 
154 142 
154 143 
154 119 
154 145 
154 25855 
154 147 
154 149 
154 37650 
154 150 
154 152 
154 59853 
154 135675 
155 110 
155 111 
155 112 
155 113 
155 114 
155 115 
155 116 
155 117 
155 118 
155 119 
155 120 
155 121 
156 110 
156 111 
156 112 
156 113 
156 114 
156 115 
156 116 
156 117 
156 118 
156 119 
156 120 
156 121 
157 110 
157 111 
157 112 
157 113 
157 114 
157 115 
157 116 
157 117 
157 118 
157 119 
157 120 
157 121 
158 110 
158 111 
158 112 
158 113 
158 114 
158 115 
158 116 
158 117 
158 118 
158 119 
158 120 
158 121 
159 110 
159 111 
159 112 
159 113 
159 114 
159 115 
159 116 
159 117 
159 118 
159 119 
159 120 
159 121 
160 110 
160 111 
160 112 
160 113 
160 114 
160 115 
160 116 
160 117 
160 118 
160 119 
160 120 
160 121 
161 110 
161 111 
161 112 
161 113 
161 114 
161 115 
161 116 
161 117 
161 118 
161 119 
161 120 
161 121 
162 163 
162 164 
162 165 
162 166 
162 167 
162 168 
162 169 
163 162 
163 164 
163 165 
163 166 
163 167 
163 168 
163 169 
164 162 
164 163 
164 165 
164 170 
164 166 
164 167 
164 168 
164 169 
165 162 
165 163 
165 164 
165 166 
165 167 
165 168 
165 169 
166 171 
166 172 
166 173 
166 174 
166 175 
166 176 
166 177 
166 178 
166 179 
166 180 
166 181 
166 182 
166 183 
166 184 
166 185 
166 186 
166 187 
166 188 
166 189 
166 190 
166 191 
166 192 
166 193 
166 194 
166 195 
166 196 
167 197 
167 165 
167 198 
167 199 
167 200 
167 201 
167 166 
167 202 
167 203 
167 204 
167 205 
167 206 
167 207 
167 208 
167 209 
167 210 
167 211 
167 212 
167 213 
167 196 
168 162 
168 163 
168 164 
168 165 
168 166 
168 167 
168 169 
169 162 
169 163 
169 164 
169 165 
169 166 
169 167 
169 168 
170 200 
170 166 
170 400550 
170 432456 
170 202 
170 179579 
170 179583 
170 432457 
170 432458 
170 172175 
170 322756 
170 167 
170 212 
170 82247 
170 172165 
170 100041 
170 196 
171 268827 
171 179560 
171 172 
171 173 
171 175 
171 143099 
171 176 
171 177 
171 143090 
171 166 
171 103683 
171 179576 
171 203604 
171 20013 
171 178 
171 322596 
171 179586 
171 33810 
171 322597 
171 322598 
171 180 
171 182 
171 183 
171 179598 
171 272205 
171 6805 
171 184 
171 322599 
171 186 
171 187 
171 322600 
171 100825 
171 272190 
171 189 
171 322601 
171 203618 
171 190 
171 312799 
171 322602 
171 238914 
171 191 
171 192 
171 179620 
171 179621 
171 193 
171 322603 
171 156530 
171 135239 
171 195 
172 179556 
172 171 
172 322604 
172 179561 
172 173 
172 322605 
172 322606 
172 175 
172 176 
172 177 
172 322607 
172 166 
172 29687 
172 105045 
172 33802 
172 156527 
172 179582 
172 178 
172 180 
172 182 
172 183 
172 179597 
172 165014 
172 272189 
172 184 
172 238924 
172 186 
172 187 
172 179608 
172 322608 
172 179611 
172 189 
172 322609 
172 190 
172 272192 
172 312620 
172 191 
172 322610 
172 192 
172 82255 
172 193 
172 322611 
172 29685 
172 203629 
172 135239 
172 195 
172 100835 
172 322612 
173 166 
173 221945 
175 242211 
175 171 
175 100059 
175 172 
175 173 
175 92826 
175 174 
175 176 
175 235561 
175 177 
175 83983 
175 20058 
175 166 
175 199410 
175 322613 
175 105045 
175 322614 
175 20013 
175 178 
175 322615 
175 6812 
175 322616 
175 281652 
175 211400 
175 180 
175 182 
175 199415 
175 281666 
175 145074 
175 183 
175 281668 
175 169698 
175 184 
175 216818 
175 26614 
175 186 
175 187  